10.73095541364846 19.724709613857467
9.762322711481445 19.517164120029722
10.389433433196105 18.964307586403873
10.785165293897416 19.657456894597203
10.143567593225695 19.887783331035166
10.657948571670238 19.072936680726055
9.854912258193922 19.827175540399214
10.510196249050948 19.505048929708686
9.922407306602304 19.604963711935383
10.018996186022017 20.26226684617212
9.504721370254185 20.515125669427825
10.405715824266759 20.22612245250584
10.405385177168986 19.69232246337155
9.944699398516608 19.57890375458342
9.879450364168292 20.238659960032184
9.68875266172361 19.82146091291481
9.69077228494618 19.619657461325577
9.697939241123432 19.994300930486496
9.497210343114125 20.10548706401769
10.746910979699441 20.333919872259802
9.913674001437274 19.600566966161825
9.663778767812124 20.761604570462485
10.022863489649213 19.71335195904379
10.08591196810036 20.94511481141548
10.054071528616733 20.277741399368338
10.135076643980122 19.841487569077916
9.485866810890037 19.842795774914205
9.90599759498135 20.26398043603199
10.377542536243528 20.4189959365866
10.128514296364417 20.39831352392183
9.660520926551506 20.56379066985498
10.230818419188104 19.865858224203777
10.219833165941873 19.965992729140524
10.509233224353142 20.68391756738999
10.983508932939923 19.371576649030338
9.350148787556686 19.772990361674097
10.072016681251524 20.394276014502303
10.142035726258722 19.090009452879197
9.862208194317233 20.37258858917326
10.103542630913973 20.34290503114041
9.899952335825338 19.909658868981502
10.083952625944727 20.184523241243717
10.089234874057047 20.053553890613358
9.698201971169937 20.169903703844415
10.054819571946148 20.508267758560365
10.539513045955678 20.083320387867776
9.831121772459449 19.7125713166456
10.19057245932885 20.03480303075685
9.845265845993016 20.01961858557541
9.720999620223342 20.314114415332497
9.798792145846301 20.551028467162475
10.18157123880586 20.26711033545668
9.507289669416531 20.0762220948764
10.333250402993324 19.57083472918643
9.88020167229837 20.014676546012012
9.38209720588896 20.141821726419032
10.380772291413265 19.613217826625608
10.157745690398848 19.409472464943157
9.982587020830277 19.27290244038352
10.50463796870605 20.18400524207157
19.986460674268322 29.573661109456964
20.700565761587328 31.081905962090104
18.978109974554286 30.67989021674905
20.8952079142319 30.18590643311596
19.34040258221565 30.474839924649213
19.900493833857016 29.667843654713707
19.32346802538317 30.302795622786917
20.43604377625564 29.657058098676114
20.286316985390354 29.37061223570727
20.44102356752924 30.02561201413328
19.89738662545096 29.94403977010897
20.477887386353228 30.412726401925756
20.29120592839399 30.075735665498563
20.042801620351987 30.340109144099188
20.127872007548305 30.37540327377547
19.829435774565066 28.66083922974107
20.571353531022677 31.202838805835842
20.24275044396272 29.944914621694075
19.924955390857182 29.934520196723856
20.009575174565004 29.38288969918921
19.715598048143875 29.451635244792357
20.136839538763272 29.836847366196025
20.272366228187877 29.903913262141625
20.542484353301685 30.117443645734493
21.204884850933354 28.957001492409898
19.6441958214598 30.49581779040679
21.39057913874352 29.863250872256497
20.024017946248115 29.875527166617516
20.732301411923174 29.84198067508819
20.374038411932958 29.82410912060573
19.300092684614704 30.172451246254887
20.27675164738943 30.711274235392743
19.939254135470478 29.6604508649582
20.309518603140464 30.132405400730754
20.15436579241745 29.959788012938997
20.638186213496574 30.20322099400665
21.04756228958754 30.611081184208278
20.362477387855115 29.10490891266106
20.331275604162595 30.231155212005884
20.446023420041957 30.574443152088993
19.77951699451609 30.453203090147724
19.6907320129395 31.07518294125497
19.267426583415514 29.03162129178067
19.092103303796744 29.510194428710324
19.38448653079215 31.075843397037005
19.820425276056998 29.261528315842412
20.612910637228886 29.677411833648126
19.319730642902233 30.481711410207115
20.342849197117918 29.760773824374624
20.774147000132675 30.0710058688409
20.889322279371516 30.27650748509995
20.857343047340922 30.060171483033987
19.32914058166153 31.347152756983768
19.699824207609588 29.890639175411106
19.61478082229331 29.88813305306949
20.133468192594986 30.1110065983807
20.36356115817928 30.985687014936563
19.93374448551632 29.321783595504467
19.3497250304197 29.63383501499048
19.07919230580959 30.453766403441442
