4.825625252729123 4.8911552575940025
4.999337981006699 4.511182851391599
4.698539273728385 5.23614903399079
5.216488695775203 4.844889824254777
5.633687219943909 4.542995577104792
4.879254476445757 4.919206089902586
4.022420249948711 5.678135084765628
5.1282162050890205 4.634393716332273
5.717910705000105 5.204981700060334
5.150334149007688 4.787550560629984
5.037177953412327 4.4660118893197245
5.278259133048696 4.868946588404873
5.046916868794118 5.420719201769897
5.099661838797171 5.091863605912144
5.096774756687764 4.7433549386366405
5.292601651801994 5.540175688781569
5.265581981034276 5.309718085062709
4.692951468378634 4.696274471994476
4.495693391497856 5.431288574789953
4.911037046337421 5.489945379868345
4.72633091105962 4.846871856009996
5.03339878051694 5.322507524030829
5.021262568529828 5.073893664252701
5.005784648556966 5.062015702096586
4.609235493740339 5.028324485340647
4.9346973522709865 4.980111431689953
5.172317794577827 4.76176265064689
4.97042219040838 4.895923341029274
5.146055701741202 5.274669727855456
4.665601158169209 5.205068650885916
5.723024162076592 4.485095075958581
4.70943983663971 4.69179784005454
4.902315797459848 5.5679971800839
5.004673436721512 4.756857241649471
5.21763122650695 4.790068414125203
5.393194256707678 5.1068434640854035
5.486072788729594 4.768529514896444
6.060799989330211 5.28860461876171
5.229103053405345 4.982084043337317
4.74604100830295 4.696280962831743
4.952407935864794 4.720955575077404
5.098936499286947 4.710865898853438
5.217378945293653 5.3346425964436435
4.7529558224092 5.417440123714143
4.916720322486736 5.404350760130879
5.153358221551933 5.392814912579983
4.651043071564612 4.962622104627271
5.508000241206827 4.783687103311447
4.286979571011722 4.32009378648324
4.122745771563379 4.260042627329111
14.835344334724606 18.511411233136688
14.823108288194732 18.12941094144057
14.956003403934558 18.00341957817441
14.932720464102113 17.930327862276805
15.184465639990806 17.529606931423473
15.40405087093389 18.368007173299105
14.92197706364964 18.322157369692874
14.719462229497129 17.785110790449863
15.062505540108033 17.923911589966057
14.820504786931352 17.731020784485363
14.777002111285583 18.375667497678595
14.222670637732659 18.140997745747732
14.905425219274806 18.29112539999986
15.206029445455746 16.88698621293883
15.23385864419097 18.12970969737937
15.00874513465062 17.81253047348884
15.341312488782249 17.83478827611559
15.733887050659874 18.225753142197725
15.855131226975793 17.685786401231905
14.297629743906858 18.285915838994327
15.341081624690114 18.014144038821904
14.384482701702142 17.820841926113552
15.247194213568134 17.9263294697385
14.953605925811042 17.9298164125353
14.6264341377494 17.78679186956656
14.429377831791788 18.707183979324412
14.809850849944807 18.191044072727024
14.591245622143477 18.317811295840432
14.25073560894588 18.368246047221984
14.985852830048515 18.844242021440284
14.477386370862392 18.030552192063837
15.146892725553545 18.493159676950494
14.83085721544369 18.034585762609716
14.143013308369053 17.667932454390918
15.180646380222097 18.441669730521287
14.887305492373756 18.822542209279316
15.704099690579637 17.975739003290077
14.034598799530485 17.288973449677606
14.688856469349036 18.446336443169667
15.124108915113506 17.162300873510876
14.908493668451936 18.645344549825246
14.850078125078939 17.700012153089734
15.821849641007246 18.02136381471934
14.808337160485568 18.140066863531313
15.006865890549635 17.828343088705964
15.483382531420785 18.446280721113794
15.33634462325644 17.958845112970586
15.458760150559794 17.98011896833653
15.186657306891536 18.4134747471758
15.323537744106273 18.715901873282508
25.203077807218076 9.242173006359293
24.477923452757977 10.607548068406777
24.85092257353032 10.17394261530989
24.616844954561127 10.450396640656136
24.826825488025243 10.656148707374284
24.76049469059582 10.503160028522963
25.30347824716939 9.674923642563632
25.49454834973623 9.594264479285801
24.629889764993088 10.324770081450712
24.718596099340306 9.73277061973547
24.845244680855323 9.549923864557368
25.470247484353255 10.273831614318182
24.968802086489283 9.951223569771907
25.20256998074523 10.794400795233582
25.391936411139508 9.77119428957607
25.349838642361988 9.94655297255361
24.910450817288325 10.839912118818456
24.811477946044846 9.784366788192667
24.121552620739646 9.368951884546089
25.20300532243057 9.687285594466642
25.23193621080246 9.498308026435328
24.65471057815072 10.303556818130202
25.657401571208386 10.26661276064081
25.539023878774564 10.767067377117582
25.468040118919344 9.586701982764989
24.952594879371606 10.28358805180821
24.813318894420295 10.20337571679455
24.28937967157249 9.627117409514618
25.237995885513328 8.993311069999388
24.50152937397195 9.992026756940437
24.226272486421216 10.025704448236942
24.640203629188708 9.868782432024625
24.88345771596976 10.085181938901396
24.746295069437963 10.040358883295166
24.729479439707777 10.250233079534823
25.762214100979637 10.088591400662631
25.076441164906406 9.476196412977458
25.31201480154717 9.658869702149696
24.636018761587543 10.250847753786115
25.08146743496104 10.498228952927079
25.64929461782334 9.757143297008879
25.057769645570175 10.792186832608895
25.434942662603074 10.32087207263647
25.58779272931095 9.72792866387603
25.286462534236584 10.634164025213805
25.729410528529787 9.637216832178
24.886746606565858 10.172221828175964
24.869951195645584 9.823682692086377
25.30780059768188 9.840965507709843
24.195439198960127 10.162831292127805
29.851427523300174 24.743964156394384
29.451991647270432 25.354837863440096
29.220510578852494 24.405233238347197
29.9034538781036 25.430134454977743
30.45839706698893 24.595756077774723
29.93782873140576 24.471340268719352
30.35392247232122 24.483203068817936
29.949881489247467 25.36154432263241
29.92215509001453 25.51455612033901
29.6954971218832 25.129216664341406
30.29864876503831 24.951100894345625
30.48520999248621 25.19184535464087
29.42689264244708 26.385510946413287
30.227025275431732 25.037570152838256
29.510415513466732 25.028618736581965
29.83902000920576 25.225523783110614
30.130084601924153 25.648553319774283
30.04978798038421 25.179726917995993
30.130359898029006 24.948028568929214
29.935809930937992 25.385350070933967
30.27300949736852 24.77969543858118
29.610297363959454 24.9764064912686
30.40650399358604 24.99036471480621
30.611252281229792 24.728725399524297
30.049574188183033 24.119293648661987
29.7915162416814 24.891807538475348
30.17882822107223 25.598731643534897
30.01223025627731 25.508871153563085
30.231588376763092 25.34522326307422
29.836845800110925 25.484746970277023
29.624462502450925 25.17330551392011
29.66677826475281 24.818649056660437
29.488508738347264 24.819278231973893
30.12289091377884 24.975930337922478
29.528282270561217 25.51475894984198
30.118027328407962 25.352822901576516
30.27482942187214 24.767296281561475
29.319233564485785 24.679601471118904
30.42880454724563 24.63125887420489
30.285615289513423 24.78565755940491
30.137588235698892 24.36162805158118
30.40847630809999 24.98611595496833
30.310039029638066 25.066451577284084
30.27932232835463 24.96432378625774
30.26017479022985 24.471649560521584
29.62175125764407 25.253915901568536
29.986287610326677 24.919936040072926
29.937135696872026 25.17560378827081
29.792329686015155 25.17860765886084
29.679472852825963 24.857461784943013
50.0 50.0
42.0 8.0
9.0 39.0
